boundary 0 0 400 400
block 162.5 86.5 222.5 95.5
block 225.5 98.5 254.5 110.5
block 257.5 114.5 269.5 143.5
block 273.5 147.5 284.5 207.5
block 270.5 210.5 257.5 241.5
block 252.5 245.5 224.5 254.5
block 221.5 261.5 160.5 271.5
block 159.5 256.5 129.5 242.5
block 125.5 238.5 113.5 210.5
block 110.5 204.5 97.5 149.5
block 112.5 144.5 126.6 115.5
block 130.5 111.5 155.5 102.5
block 180.5 143.5 203.5 133.5
block 169.5 151.5 132.5 163.5
block 126.5 168.5 113.5 208.5
block 179.5 150.5 162.5 177.5
block 172.5 182.5 208.5 193.5
block 206.5 181.5 219.5 148.5
block 212.5 146.5 249.5 161.5
block 258.5 170.5 269.5 205.5



